<?xml version="1.0" encoding="UTF-8" standalone="no" ?>
<COLLADA xmlns="http://www.collada.org/2005/11/COLLADASchema" version="1.4.1">
    <asset>
        <contributor>
            <authoring_tool>Google SketchUp 7.1.6860</authoring_tool>
        </contributor>
        <created>2010-03-02T01:09:23Z</created>
        <modified>2010-03-02T01:09:23Z</modified>
        <unit meter="0.0254" name="inch" />
        <up_axis>Z_UP</up_axis>
    </asset>
    <library_visual_scenes>
        <visual_scene id="ID1">
            <node name="SketchUp">
                <node id="ID2" name="instance_0">
                    <matrix>1 0 0 3153.9 0 1 0 -1682.198 0 0 1 0 0 0 0 1</matrix>
                    <instance_node url="#ID3" />
                </node>
                <node id="ID1594" name="instance_1">
                    <matrix>3.5 0 0 -303.1632 0 3.5 0 192.6463 0 0 3.5 10.86605 0 0 0 1</matrix>
                    <instance_node url="#ID1595" />
                </node>
            </node>
        </visual_scene>
    </library_visual_scenes>
    <library_nodes>
        <node id="ID3" name="plant">
            <node id="ID4" name="group_0">
                <matrix>0.8818671 0.471498 0 -18.19502 -0.471498 0.8818671 0 -4.829612 0 -0 1 -9.495182e-014 0 0 0 1</matrix>
                <node id="ID5" name="group_1">
                    <matrix>0.7071068 -0.7071068 0 16.20954 0.7071068 0.7071068 0 1.963288 -0 0 1 0.1507055 0 0 0 1</matrix>
                    <node id="ID6" name="group_2">
                        <matrix>0.5917 0 0 -1.332268e-015 0 -0.5917 0 13.19727 0 0 0.5917 6.740492 0 0 0 1</matrix>
                        <instance_geometry url="#ID549">
                            <bind_material>
                                <technique_common>
                                    <instance_material symbol="Material2" target="#ID550">
                                        <bind_vertex_input semantic="UVSET0" input_semantic="TEXCOORD" input_set="0" />
                                    </instance_material>
                                </technique_common>
                            </bind_material>
                        </instance_geometry>
                        <node id="ID7" name="group_3">
                            <matrix>8.326673e-017 -1 0 23.23897 1 8.326673e-017 0 1.004534 -0 0 1 9.914522 0 0 0 1</matrix>
                            <node id="ID8" name="group_4">
                                <matrix>-0.7443115 -0.6574833 -0.1171156 22.23823 0.6678326 -0.7327771 -0.1305275 16.82506 4.163336e-017 -0.1753667 0.9845032 2.071261 0 0 0 1</matrix>
                                <node id="ID9" name="group_5">
                                    <matrix>0.4574806 -0.8076747 -0.3719855 14.37544 0.8725604 0.4883385 0.01279838 5.391644 0.1713179 -0.3304348 0.9281503 3.774838 0 0 0 1</matrix>
                                    <instance_geometry url="#ID10">
                                        <bind_material>
                                            <technique_common>
                                                <instance_material symbol="Material2" target="#ID12">
                                                    <bind_vertex_input semantic="UVSET0" input_semantic="TEXCOORD" input_set="0" />
                                                </instance_material>
                                                <instance_material symbol="Material3" target="#ID17">
                                                    <bind_vertex_input semantic="UVSET0" input_semantic="TEXCOORD" input_set="0" />
                                                </instance_material>
                                            </technique_common>
                                        </bind_material>
                                    </instance_geometry>
                                </node>
                                <node id="ID20" name="group_6">
                                    <matrix>0.898794 0.4383711 0 -0.6711928 -0.423434 0.8681684 0.258819 1.873274 0.1134588 -0.232625 0.9659258 2.662812 0 0 0 1</matrix>
                                    <instance_geometry url="#ID21">
                                        <bind_material>
                                            <technique_common>
                                                <instance_material symbol="Material2" target="#ID12">
                                                    <bind_vertex_input semantic="UVSET0" input_semantic="TEXCOORD" input_set="0" />
                                                </instance_material>
                                                <instance_material symbol="Material3" target="#ID17">
                                                    <bind_vertex_input semantic="UVSET0" input_semantic="TEXCOORD" input_set="0" />
                                                </instance_material>
                                            </technique_common>
                                        </bind_material>
                                    </instance_geometry>
                                </node>
                                <node id="ID27" name="group_7">
                                    <matrix>1 0 0 4.430842 0 1 0 4.440892e-016 0 0 1 0 0 0 0 1</matrix>
                                    <instance_geometry url="#ID28">
                                        <bind_material>
                                            <technique_common>
                                                <instance_material symbol="Material2" target="#ID12">
                                                    <bind_vertex_input semantic="UVSET0" input_semantic="TEXCOORD" input_set="0" />
                                                </instance_material>
                                                <instance_material symbol="Material3" target="#ID17">
                                                    <bind_vertex_input semantic="UVSET0" input_semantic="TEXCOORD" input_set="0" />
                                                </instance_material>
                                            </technique_common>
                                        </bind_material>
                                    </instance_geometry>
                                </node>
                            </node>
                            <node id="ID34" name="group_8">
                                <matrix>1 0 0 5.441311 -0 0.9845032 0.1753667 0 0 -0.1753667 0.9845032 2.071261 0 0 0 1</matrix>
                                <node id="ID35" name="group_5">
                                    <matrix>0.4574806 -0.8076747 -0.3719855 14.37544 0.8725604 0.4883385 0.01279838 5.391644 0.1713179 -0.3304348 0.9281503 3.774838 0 0 0 1</matrix>
                                    <instance_geometry url="#ID36">
                                        <bind_material>
                                            <technique_common>
                                                <instance_material symbol="Material2" target="#ID12">
                                                    <bind_vertex_input semantic="UVSET0" input_semantic="TEXCOORD" input_set="0" />
                                                </instance_material>
                                                <instance_material symbol="Material3" target="#ID17">
                                                    <bind_vertex_input semantic="UVSET0" input_semantic="TEXCOORD" input_set="0" />
                                                </instance_material>
                                            </technique_common>
                                        </bind_material>
                                    </instance_geometry>
                                </node>
                                <node id="ID42" name="group_6">
                                    <matrix>0.898794 0.4383711 0 -0.6711928 -0.423434 0.8681684 0.258819 1.873274 0.1134588 -0.232625 0.9659258 2.662812 0 0 0 1</matrix>
                                    <instance_geometry url="#ID43">
                                        <bind_material>
                                            <technique_common>
                                                <instance_material symbol="Material2" target="#ID12">
                                                    <bind_vertex_input semantic="UVSET0" input_semantic="TEXCOORD" input_set="0" />
                                                </instance_material>
                                                <instance_material symbol="Material3" target="#ID17">
                                                    <bind_vertex_input semantic="UVSET0" input_semantic="TEXCOORD" input_set="0" />
                                                </instance_material>
                                            </technique_common>
                                        </bind_material>
                                    </instance_geometry>
                                </node>
                                <node id="ID49" name="group_7">
                                    <matrix>1 0 0 4.430842 0 1 0 4.440892e-016 0 0 1 0 0 0 0 1</matrix>
                                    <instance_geometry url="#ID50">
                                        <bind_material>
                                            <technique_common>
                                                <instance_material symbol="Material2" target="#ID12">
                                                    <bind_vertex_input semantic="UVSET0" input_semantic="TEXCOORD" input_set="0" />
                                                </instance_material>
                                                <instance_material symbol="Material3" target="#ID17">
                                                    <bind_vertex_input semantic="UVSET0" input_semantic="TEXCOORD" input_set="0" />
                                                </instance_material>
                                            </technique_common>
                                        </bind_material>
                                    </instance_geometry>
                                </node>
                            </node>
                            <node id="ID56" name="group_9">
                                <matrix>-0.9505157 0.3058619 0.05448231 11.92778 -0.3106764 -0.9357858 -0.1666888 24.28914 0 -0.1753667 0.9845032 2.071261 0 0 0 1</matrix>
                                <node id="ID57" name="group_5">
                                    <matrix>0.4574806 -0.8076747 -0.3719855 14.37544 0.8725604 0.4883385 0.01279838 5.391644 0.1713179 -0.3304348 0.9281503 3.774838 0 0 0 1</matrix>
                                    <instance_geometry url="#ID58">
                                        <bind_material>
                                            <technique_common>
                                                <instance_material symbol="Material2" target="#ID12">
                                                    <bind_vertex_input semantic="UVSET0" input_semantic="TEXCOORD" input_set="0" />
                                                </instance_material>
                                                <instance_material symbol="Material3" target="#ID17">
                                                    <bind_vertex_input semantic="UVSET0" input_semantic="TEXCOORD" input_set="0" />
                                                </instance_material>
                                            </technique_common>
                                        </bind_material>
                                    </instance_geometry>
                                </node>
                                <node id="ID64" name="group_6">
                                    <matrix>0.898794 0.4383711 0 -0.6711928 -0.423434 0.8681684 0.258819 1.873274 0.1134588 -0.232625 0.9659258 2.662812 0 0 0 1</matrix>
                                    <instance_geometry url="#ID65">
                                        <bind_material>
                                            <technique_common>
                                                <instance_material symbol="Material2" target="#ID12">
                                                    <bind_vertex_input semantic="UVSET0" input_semantic="TEXCOORD" input_set="0" />
                                                </instance_material>
                                                <instance_material symbol="Material3" target="#ID17">
                                                    <bind_vertex_input semantic="UVSET0" input_semantic="TEXCOORD" input_set="0" />
                                                </instance_material>
                                            </technique_common>
                                        </bind_material>
                                    </instance_geometry>
                                </node>
                                <node id="ID71" name="group_7">
                                    <matrix>1 0 0 4.430842 0 1 0 4.440892e-016 0 0 1 0 0 0 0 1</matrix>
                                    <instance_geometry url="#ID72">
                                        <bind_material>
                                            <technique_common>
                                                <instance_material symbol="Material2" target="#ID12">
                                                    <bind_vertex_input semantic="UVSET0" input_semantic="TEXCOORD" input_set="0" />
                                                </instance_material>
                                                <instance_material symbol="Material3" target="#ID17">
                                                    <bind_vertex_input semantic="UVSET0" input_semantic="TEXCOORD" input_set="0" />
                                                </instance_material>
                                            </technique_common>
                                        </bind_material>
                                    </instance_geometry>
                                </node>
                            </node>
                        </node>
                        <node id="ID78" name="group_10">
                            <matrix>-0.7071068 -0.7071068 0 27.34192 0.7071068 -0.7071068 0 12.33698 0 0 0.6632267 8.386841 0 0 0 1</matrix>
                            <node id="ID79" name="group_4">
                                <matrix>-0.7443115 -0.6574833 -0.1171156 22.23823 0.6678326 -0.7327771 -0.1305275 16.82506 4.163336e-017 -0.1753667 0.9845032 2.071261 0 0 0 1</matrix>
                                <node id="ID80" name="group_5">
                                    <matrix>0.4574806 -0.8076747 -0.3719855 14.37544 0.8725604 0.4883385 0.01279838 5.391644 0.1713179 -0.3304348 0.9281503 3.774838 0 0 0 1</matrix>
                                    <instance_geometry url="#ID81">
                                        <bind_material>
                                            <technique_common>
                                                <instance_material symbol="Material2" target="#ID12">
                                                    <bind_vertex_input semantic="UVSET0" input_semantic="TEXCOORD" input_set="0" />
                                                </instance_material>
                                                <instance_material symbol="Material3" target="#ID17">
                                                    <bind_vertex_input semantic="UVSET0" input_semantic="TEXCOORD" input_set="0" />
                                                </instance_material>
                                            </technique_common>
                                        </bind_material>
                                    </instance_geometry>
                                </node>
                                <node id="ID87" name="group_6">
                                    <matrix>0.898794 0.4383711 0 -0.6711928 -0.423434 0.8681684 0.258819 1.873274 0.1134588 -0.232625 0.9659258 2.662812 0 0 0 1</matrix>
                                    <instance_geometry url="#ID88">
                                        <bind_material>
                                            <technique_common>
                                                <instance_material symbol="Material2" target="#ID12">
                                                    <bind_vertex_input semantic="UVSET0" input_semantic="TEXCOORD" input_set="0" />
                                                </instance_material>
                                                <instance_material symbol="Material3" target="#ID17">
                                                    <bind_vertex_input semantic="UVSET0" input_semantic="TEXCOORD" input_set="0" />
                                                </instance_material>
                                            </technique_common>
                                        </bind_material>
                                    </instance_geometry>
                                </node>
                                <node id="ID94" name="group_7">
                                    <matrix>1 0 0 4.430842 0 1 0 4.440892e-016 0 0 1 0 0 0 0 1</matrix>
                                    <instance_geometry url="#ID95">
                                        <bind_material>
                                            <technique_common>
                                                <instance_material symbol="Material2" target="#ID12">
                                                    <bind_vertex_input semantic="UVSET0" input_semantic="TEXCOORD" input_set="0" />
                                                </instance_material>
                                                <instance_material symbol="Material3" target="#ID17">
                                                    <bind_vertex_input semantic="UVSET0" input_semantic="TEXCOORD" input_set="0" />
                                                </instance_material>
                                            </technique_common>
                                        </bind_material>
                                    </instance_geometry>
                                </node>
                            </node>
                            <node id="ID101" name="group_8">
                                <matrix>1 0 0 5.441311 -0 0.9845032 0.1753667 0 0 -0.1753667 0.9845032 2.071261 0 0 0 1</matrix>
                                <node id="ID102" name="group_5">
                                    <matrix>0.4574806 -0.8076747 -0.3719855 14.37544 0.8725604 0.4883385 0.01279838 5.391644 0.1713179 -0.3304348 0.9281503 3.774838 0 0 0 1</matrix>
                                    <instance_geometry url="#ID103">
                                        <bind_material>
                                            <technique_common>
                                                <instance_material symbol="Material2" target="#ID12">
                                                    <bind_vertex_input semantic="UVSET0" input_semantic="TEXCOORD" input_set="0" />
                                                </instance_material>
                                                <instance_material symbol="Material3" target="#ID17">
                                                    <bind_vertex_input semantic="UVSET0" input_semantic="TEXCOORD" input_set="0" />
                                                </instance_material>
                                            </technique_common>
                                        </bind_material>
                                    </instance_geometry>
                                </node>
                                <node id="ID109" name="group_6">
                                    <matrix>0.898794 0.4383711 0 -0.6711928 -0.423434 0.8681684 0.258819 1.873274 0.1134588 -0.232625 0.9659258 2.662812 0 0 0 1</matrix>
                                    <instance_geometry url="#ID110">
                                        <bind_material>
                                            <technique_common>
                                                <instance_material symbol="Material2" target="#ID12">
                                                    <bind_vertex_input semantic="UVSET0" input_semantic="TEXCOORD" input_set="0" />
                                                </instance_material>
                                                <instance_material symbol="Material3" target="#ID17">
                                                    <bind_vertex_input semantic="UVSET0" input_semantic="TEXCOORD" input_set="0" />
                                                </instance_material>
                                            </technique_common>
                                        </bind_material>
                                    </instance_geometry>
                                </node>
                                <node id="ID116" name="group_7">
                                    <matrix>1 0 0 4.430842 0 1 0 4.440892e-016 0 0 1 0 0 0 0 1</matrix>
                                    <instance_geometry url="#ID117">
                                        <bind_material>
                                            <technique_common>
                                                <instance_material symbol="Material2" target="#ID12">
                                                    <bind_vertex_input semantic="UVSET0" input_semantic="TEXCOORD" input_set="0" />
                                                </instance_material>
                                                <instance_material symbol="Material3" target="#ID17">
                                                    <bind_vertex_input semantic="UVSET0" input_semantic="TEXCOORD" input_set="0" />
                                                </instance_material>
                                            </technique_common>
                                        </bind_material>
                                    </instance_geometry>
                                </node>
                            </node>
                            <node id="ID123" name="group_9">
                                <matrix>-0.9505157 0.3058619 0.05448231 11.92778 -0.3106764 -0.9357858 -0.1666888 24.28914 0 -0.1753667 0.9845032 2.071261 0 0 0 1</matrix>
                                <node id="ID124" name="group_5">
                                    <matrix>0.4574806 -0.8076747 -0.3719855 14.37544 0.8725604 0.4883385 0.01279838 5.391644 0.1713179 -0.3304348 0.9281503 3.774838 0 0 0 1</matrix>
                                    <instance_geometry url="#ID125">
                                        <bind_material>
                                            <technique_common>
                                                <instance_material symbol="Material2" target="#ID12">
                                                    <bind_vertex_input semantic="UVSET0" input_semantic="TEXCOORD" input_set="0" />
                                                </instance_material>
                                                <instance_material symbol="Material3" target="#ID17">
                                                    <bind_vertex_input semantic="UVSET0" input_semantic="TEXCOORD" input_set="0" />
                                                </instance_material>
                                            </technique_common>
                                        </bind_material>
                                    </instance_geometry>
                                </node>
                                <node id="ID131" name="group_6">
                                    <matrix>0.898794 0.4383711 0 -0.6711928 -0.423434 0.8681684 0.258819 1.873274 0.1134588 -0.232625 0.9659258 2.662812 0 0 0 1</matrix>
                                    <instance_geometry url="#ID132">
                                        <bind_material>
                                            <technique_common>
                                                <instance_material symbol="Material2" target="#ID12">
                                                    <bind_vertex_input semantic="UVSET0" input_semantic="TEXCOORD" input_set="0" />
                                                </instance_material>
                                                <instance_material symbol="Material3" target="#ID17">
                                                    <bind_vertex_input semantic="UVSET0" input_semantic="TEXCOORD" input_set="0" />
                                                </instance_material>
                                            </technique_common>
                                        </bind_material>
                                    </instance_geometry>
                                </node>
                                <node id="ID138" name="group_7">
                                    <matrix>1 0 0 4.430842 0 1 0 4.440892e-016 0 0 1 0 0 0 0 1</matrix>
                                    <instance_geometry url="#ID139">
                                        <bind_material>
                                            <technique_common>
                                                <instance_material symbol="Material2" target="#ID12">
                                                    <bind_vertex_input semantic="UVSET0" input_semantic="TEXCOORD" input_set="0" />
                                                </instance_material>
                                                <instance_material symbol="Material3" target="#ID17">
                                                    <bind_vertex_input semantic="UVSET0" input_semantic="TEXCOORD" input_set="0" />
                                                </instance_material>
                                            </technique_common>
                                        </bind_material>
                                    </instance_geometry>
                                </node>
                            </node>
                        </node>
                        <node id="ID145" name="group_11">
                            <matrix>-0.7626683 0.6467898 0 12.18883 -0.6467898 -0.7626683 0 27.35997 0 0 1 9.057049 0 0 0 1</matrix>
                            <node id="ID146" name="group_4">
                                <matrix>-0.7443115 -0.6574833 -0.1171156 22.23823 0.6678326 -0.7327771 -0.1305275 16.82506 4.163336e-017 -0.1753667 0.9845032 2.071261 0 0 0 1</matrix>
                                <node id="ID147" name="group_5">
                                    <matrix>0.4574806 -0.8076747 -0.3719855 14.37544 0.8725604 0.4883385 0.01279838 5.391644 0.1713179 -0.3304348 0.9281503 3.774838 0 0 0 1</matrix>
                                    <instance_geometry url="#ID148">
                                        <bind_material>
                                            <technique_common>
                                                <instance_material symbol="Material2" target="#ID12">
                                                    <bind_vertex_input semantic="UVSET0" input_semantic="TEXCOORD" input_set="0" />
                                                </instance_material>
                                                <instance_material symbol="Material3" target="#ID17">
                                                    <bind_vertex_input semantic="UVSET0" input_semantic="TEXCOORD" input_set="0" />
                                                </instance_material>
                                            </technique_common>
                                        </bind_material>
                                    </instance_geometry>
                                </node>
                                <node id="ID154" name="group_6">
                                    <matrix>0.898794 0.4383711 0 -0.6711928 -0.423434 0.8681684 0.258819 1.873274 0.1134588 -0.232625 0.9659258 2.662812 0 0 0 1</matrix>
                                    <instance_geometry url="#ID155">
                                        <bind_material>
                                            <technique_common>
                                                <instance_material symbol="Material2" target="#ID12">
                                                    <bind_vertex_input semantic="UVSET0" input_semantic="TEXCOORD" input_set="0" />
                                                </instance_material>
                                                <instance_material symbol="Material3" target="#ID17">
                                                    <bind_vertex_input semantic="UVSET0" input_semantic="TEXCOORD" input_set="0" />
                                                </instance_material>
                                            </technique_common>
                                        </bind_material>
                                    </instance_geometry>
                                </node>
                                <node id="ID161" name="group_7">
                                    <matrix>1 0 0 4.430842 0 1 0 4.440892e-016 0 0 1 0 0 0 0 1</matrix>
                                    <instance_geometry url="#ID162">
                                        <bind_material>
                                            <technique_common>
                                                <instance_material symbol="Material2" target="#ID12">
                                                    <bind_vertex_input semantic="UVSET0" input_semantic="TEXCOORD" input_set="0" />
                                                </instance_material>
                                                <instance_material symbol="Material3" target="#ID17">
                                                    <bind_vertex_input semantic="UVSET0" input_semantic="TEXCOORD" input_set="0" />
                                                </instance_material>
                                            </technique_common>
                                        </bind_material>
                                    </instance_geometry>
                                </node>
                            </node>
                            <node id="ID168" name="group_8">
                                <matrix>1 0 0 5.441311 -0 0.9845032 0.1753667 0 0 -0.1753667 0.9845032 2.071261 0 0 0 1</matrix>
                                <node id="ID169" name="group_5">
                                    <matrix>0.4574806 -0.8076747 -0.3719855 14.37544 0.8725604 0.4883385 0.01279838 5.391644 0.1713179 -0.3304348 0.9281503 3.774838 0 0 0 1</matrix>
                                    <instance_geometry url="#ID170">
                                        <bind_material>
                                            <technique_common>
                                                <instance_material symbol="Material2" target="#ID12">
                                                    <bind_vertex_input semantic="UVSET0" input_semantic="TEXCOORD" input_set="0" />
                                                </instance_material>
                                                <instance_material symbol="Material3" target="#ID17">
                                                    <bind_vertex_input semantic="UVSET0" input_semantic="TEXCOORD" input_set="0" />
                                                </instance_material>
                                            </technique_common>
                                        </bind_material>
                                    </instance_geometry>
                                </node>
                                <node id="ID176" name="group_6">
                                    <matrix>0.898794 0.4383711 0 -0.6711928 -0.423434 0.8681684 0.258819 1.873274 0.1134588 -0.232625 0.9659258 2.662812 0 0 0 1</matrix>
                                    <instance_geometry url="#ID177">
                                        <bind_material>
                                            <technique_common>
                                                <instance_material symbol="Material2" target="#ID12">
                                                    <bind_vertex_input semantic="UVSET0" input_semantic="TEXCOORD" input_set="0" />
                                                </instance_material>
                                                <instance_material symbol="Material3" target="#ID17">
                                                    <bind_vertex_input semantic="UVSET0" input_semantic="TEXCOORD" input_set="0" />
                                                </instance_material>
                                            </technique_common>
                                        </bind_material>
                                    </instance_geometry>
                                </node>
                                <node id="ID183" name="group_7">
                                    <matrix>1 0 0 4.430842 0 1 0 4.440892e-016 0 0 1 0 0 0 0 1</matrix>
                                    <instance_geometry url="#ID184">
                                        <bind_material>
                                            <technique_common>
                                                <instance_material symbol="Material2" target="#ID12">
                                                    <bind_vertex_input semantic="UVSET0" input_semantic="TEXCOORD" input_set="0" />
                                                </instance_material>
                                                <instance_material symbol="Material3" target="#ID17">
                                                    <bind_vertex_input semantic="UVSET0" input_semantic="TEXCOORD" input_set="0" />
                                                </instance_material>
                                            </technique_common>
                                        </bind_material>
                                    </instance_geometry>
                                </node>
                            </node>
                            <node id="ID190" name="group_9">
                                <matrix>-0.9505157 0.3058619 0.05448231 11.92778 -0.3106764 -0.9357858 -0.1666888 24.28914 0 -0.1753667 0.9845032 2.071261 0 0 0 1</matrix>
                                <node id="ID191" name="group_5">
                                    <matrix>0.4574806 -0.8076747 -0.3719855 14.37544 0.8725604 0.4883385 0.01279838 5.391644 0.1713179 -0.3304348 0.9281503 3.774838 0 0 0 1</matrix>
                                    <instance_geometry url="#ID192">
                                        <bind_material>
                                            <technique_common>
                                                <instance_material symbol="Material2" target="#ID12">
                                                    <bind_vertex_input semantic="UVSET0" input_semantic="TEXCOORD" input_set="0" />
                                                </instance_material>
                                                <instance_material symbol="Material3" target="#ID17">
                                                    <bind_vertex_input semantic="UVSET0" input_semantic="TEXCOORD" input_set="0" />
                                                </instance_material>
                                            </technique_common>
                                        </bind_material>
                                    </instance_geometry>
                                </node>
                                <node id="ID198" name="group_6">
                                    <matrix>0.898794 0.4383711 0 -0.6711928 -0.423434 0.8681684 0.258819 1.873274 0.1134588 -0.232625 0.9659258 2.662812 0 0 0 1</matrix>
                                    <instance_geometry url="#ID199">
                                        <bind_material>
                                            <technique_common>
                                                <instance_material symbol="Material2" target="#ID12">
                                                    <bind_vertex_input semantic="UVSET0" input_semantic="TEXCOORD" input_set="0" />
                                                </instance_material>
                                                <instance_material symbol="Material3" target="#ID17">
                                                    <bind_vertex_input semantic="UVSET0" input_semantic="TEXCOORD" input_set="0" />
                                                </instance_material>
                                            </technique_common>
                                        </bind_material>
                                    </instance_geometry>
                                </node>
                                <node id="ID205" name="group_7">
                                    <matrix>1 0 0 4.430842 0 1 0 4.440892e-016 0 0 1 0 0 0 0 1</matrix>
                                    <instance_geometry url="#ID206">
                                        <bind_material>
                                            <technique_common>
                                                <instance_material symbol="Material2" target="#ID12">
                                                    <bind_vertex_input semantic="UVSET0" input_semantic="TEXCOORD" input_set="0" />
                                                </instance_material>
                                                <instance_material symbol="Material3" target="#ID17">
                                                    <bind_vertex_input semantic="UVSET0" input_semantic="TEXCOORD" input_set="0" />
                                                </instance_material>
                                            </technique_common>
                                        </bind_material>
                                    </instance_geometry>
                                </node>
                            </node>
                        </node>
                        <node id="ID212" name="group_12">
                            <matrix>0.445 -0.7707626 0 15.84797 0.7707626 0.445 0 -1.735667 0 0 1.5842 12.10716 0 0 0 1</matrix>
                            <node id="ID213" name="group_4">
                                <matrix>-0.7443115 -0.6574833 -0.1171156 22.23823 0.6678326 -0.7327771 -0.1305275 16.82506 4.163336e-017 -0.1753667 0.9845032 2.071261 0 0 0 1</matrix>
                                <node id="ID214" name="group_5">
                                    <matrix>0.4574806 -0.8076747 -0.3719855 14.37544 0.8725604 0.4883385 0.01279838 5.391644 0.1713179 -0.3304348 0.9281503 3.774838 0 0 0 1</matrix>
                                    <instance_geometry url="#ID215">
                                        <bind_material>
                                            <technique_common>
                                                <instance_material symbol="Material2" target="#ID12">
                                                    <bind_vertex_input semantic="UVSET0" input_semantic="TEXCOORD" input_set="0" />
                                                </instance_material>
